-1 -0.0384615 -0.0389668 -0.0384615
-0.98 -0.0399514 -0.0394352 -0.0884887
-0.96 -0.0415254 -0.041289 -0.103067
-0.94 -0.0431894 -0.04346 -0.0987945
-0.92 -0.04495 -0.045505 -0.0864087
-0.9 -0.046814 -0.0473367 -0.072433
-0.88 -0.0487891 -0.0490428 -0.0604493
-0.86 -0.0508834 -0.0507716 -0.052065
-0.84 -0.0531054 -0.0526645 -0.0476329
-0.82 -0.0554646 -0.0548233 -0.0467748
-0.8 -0.057971 -0.0572999 -0.0487505
-0.78 -0.0606353 -0.0601001 -0.0527066
-0.76 -0.0634687 -0.0631951 -0.0578347
-0.74 -0.0664834 -0.0665363 -0.0634609
-0.72 -0.0696918 -0.0700696 -0.069087
-0.7 -0.073107 -0.073748 -0.0743975
-0.68 -0.0767425 -0.0775399 -0.0792444
-0.66 -0.0806117 -0.0814351 -0.0836181
-0.64 -0.0847278 -0.0854449 -0.0876135
-0.62 -0.0891035 -0.0896012 -0.0913928
-0.6 -0.09375 -0.0939505 -0.0951516
-0.58 -0.0986764 -0.0985475 -0.0990883
-0.56 -0.103888 -0.103447 -0.103379
-0.54 -0.109387 -0.108694 -0.108161
-0.52 -0.115167 -0.114318 -0.113516
-0.5 -0.121212 -0.120324 -0.119466
-0.48 -0.127497 -0.126684 -0.125971
-0.46 -0.133978 -0.133339 -0.132931
-0.44 -0.140593 -0.14019 -0.140192
-0.42 -0.147255 -0.147104 -0.147554
-0.4 -0.153846 -0.153912 -0.154781
-0.38 -0.160216 -0.160414 -0.161615
-0.36 -0.166174 -0.166387 -0.167784
-0.34 -0.171492 -0.17159 -0.173015
-0.32 -0.175901 -0.175777 -0.177046
-0.3 -0.179104 -0.178698 -0.179634
-0.28 -0.180785 -0.180118 -0.180564
-0.26 -0.180631 -0.179822 -0.179658
-0.24 -0.178359 -0.177623 -0.176776
-0.22 -0.173748 -0.173375 -0.171827
-0.2 -0.166667 -0.166973 -0.164763
-0.18 -0.157095 -0.158367 -0.155588
-0.16 -0.145138 -0.147559 -0.144352
-0.14 -0.131013 -0.134608 -0.131151
-0.12 -0.115031 -0.11963 -0.116126
-0.1 -0.097561 -0.102797 -0.0994579
-0.08 -0.0789889 -0.0843297 -0.0813629
-0.06 -0.0596777 -0.0644963 -0.0620882
-0.04 -0.0399361 -0.0436027 -0.0419063
-0.02 -0.019996 -0.021985 -0.0211087
6.17562e-016 6.17562e-016 6.51768e-016 6.66291e-016
0.02 0.019996 0.021985 0.0211087
0.04 0.0399361 0.0436027 0.0419063
0.06 0.0596777 0.0644963 0.0620882
0.08 0.0789889 0.0843297 0.0813629
0.1 0.097561 0.102797 0.0994579
0.12 0.115031 0.11963 0.116126
0.14 0.131013 0.134608 0.131151
0.16 0.145138 0.147559 0.144352
0.18 0.157095 0.158367 0.155588
0.2 0.166667 0.166973 0.164763
0.22 0.173748 0.173375 0.171827
0.24 0.178359 0.177623 0.176776
0.26 0.180631 0.179822 0.179658
0.28 0.180785 0.180118 0.180564
0.3 0.179104 0.178698 0.179634
0.32 0.175901 0.175777 0.177046
0.34 0.171492 0.17159 0.173015
0.36 0.166174 0.166387 0.167784
0.38 0.160216 0.160414 0.161615
0.4 0.153846 0.153912 0.154781
0.42 0.147255 0.147104 0.147554
0.44 0.140593 0.14019 0.140192
0.46 0.133978 0.133339 0.132931
0.48 0.127497 0.126684 0.125971
0.5 0.121212 0.120324 0.119466
0.52 0.115167 0.114318 0.113516
0.54 0.109387 0.108694 0.108161
0.56 0.103888 0.103447 0.103379
0.58 0.0986764 0.0985475 0.0990883
0.6 0.09375 0.0939505 0.0951516
0.62 0.0891035 0.0896012 0.0913928
0.64 0.0847278 0.0854449 0.0876135
0.66 0.0806117 0.0814351 0.0836181
0.68 0.0767425 0.0775399 0.0792444
0.7 0.073107 0.073748 0.0743975
0.72 0.0696918 0.0700696 0.069087
0.74 0.0664834 0.0665363 0.0634609
0.76 0.0634687 0.0631951 0.0578347
0.78 0.0606353 0.0601001 0.0527066
0.8 0.057971 0.0572999 0.0487505
0.82 0.0554646 0.0548233 0.0467748
0.84 0.0531054 0.0526645 0.0476329
0.86 0.0508834 0.0507716 0.052065
0.88 0.0487891 0.0490428 0.0604493
0.9 0.046814 0.0473367 0.072433
0.92 0.04495 0.045505 0.0864087
0.94 0.0431894 0.04346 0.0987945
0.96 0.0415254 0.041289 0.103067
0.98 0.0399514 0.0394352 0.0884887
1 0.0384615 0.0389668 0.0384615
